12808 143 10506
4349 129 14341
6295 85 14342
10663 85 14342
8726 105 10006
13335 129 13457
61 85 14342
10044 235 5714
5199 149 226
13390 129 13613
11501 105 356
9178 85 9112
2155 105 2513
11676 142 1676
8247 129 14117
1089 129 9980
152 143 12808
5199 149 5199
11726 105 3512
5868 149 2927
12499 142 13088
372 105 3534
12627 85 9112
11669 105 3519
8265 129 8975
8089 129 13478
9530 129 3
554 85 9112
9456 85 9112
12808 143 10083
6380 85 9112
12653 143 10506
581 105 2513
1457 85 9112
12088 105 356
11669 105 10006
385 85 9112
2122 129 13380
10166 85 9112
10416 129 9
5199 149 1916
12091 105 3534
11419 85 9112
5099 143 604
4443 129 3710
5199 149 454
581 105 9275
12899 85 9112
5131 85 9112
4647 85 9112
11029 85 9112
10416 129 14226
8549 85 14342
581 105 9027
5199 149 1357
8818 85 9112
9106 129 10745
9617 85 9112
1286 143 11673
5199 149 1905
9147 129 14185
4611 85 14342
52 85 9112
7853 105 3512
12653 143 4780
5592 105 356
3424 85 9112
14375 85 9112
2539 85 9112
9108 129 13933
5199 149 3203
6403 85 9112
12653 143 1151
9554 129 561
8244 85 14342
13709 129 269
4443 129 2016
11700 85 9112
5492 85 9112
10044 235 7738
7708 85 9112
9554 129 10543
5199 149 1166
10798 85 14342
399 142 1676
4790 85 9112
4003 170 3432
5199 149 7012
1456 85 9112
11501 105 3505
9530 129 8
13914 129 14232
2818 170 10312
13423 170 7560
7839 85 14342
10044 235 9226
