4471 129 295
4471 129 13510
9530 129 271
4628 171 10401
5474 129 13150
4443 129 6552
2122 129 11865
14338 129 14137
8247 129 13803
10416 129 2299
10416 129 2055
10416 124 12049
4471 129 7467
9554 129 571
7186 129 12016
9494 171 11473
431 174 8247
6626 129 13901
13261 23 9979
2346 129 8154
10416 129 5411
10416 124 13734
10416 124 13711
9808 129 200
9808 129 11310
2831 171 10401
7829 129 13855
10416 129 14355
10416 129 5043
9979 129 13650
4471 129 349
4471 129 11310
1090 174 14182
9103 129 5212
2122 129 9288
145 129 8657
6544 129 12789
14191 125 13398
5635 129 13564
3566 129 9203
9979 129 13643
7186 130 11939
13613 125 13390
4214 171 3157
8438 129 3855
10416 129 4415
10416 129 14304
9925 129 5660
5317 129 14213
13470 129 8679
6777 171 14146
12918 129 12918
5709 174 13538
9136 171 11599
13247 171 11599
2122 129 9845
2960 129 13529
10416 129 13504
10416 129 2857
4471 129 2457
4471 129 323
5317 129 14211
8250 129 14482
2380 173 8366
10416 129 1218
10416 129 14145
10416 124 13902
10416 124 13915
10416 124 13320
10416 124 13691
8572 129 13716
9979 129 13641
7677 129 13866
7677 129 14353
1803 129 5414
4868 129 5212
11137 129 2616
4443 27 6552
11338 129 2411
13877 129 1844
12016 23 7186
12821 171 11088
7676 129 11504
3560 171 3973
14132 129 14133
10416 129 14252
10416 129 14414
10416 124 13657
10416 124 13928
8572 129 269
14147 129 6187
14331 23 8357
13876 129 13843
8101 129 7243
1254 173 8357
13927 129 13221
4636 171 11286
11373 23 9979
8102 129 12959
11286 129 12014
10416 129 14188
10416 129 14212
10416 129 6633
10416 124 13795
10416 124 11554
10416 124 13914
8572 129 13713
4471 129 8378
9859 171 266
144 171 9292
1337 129 1610
4079 171 3157
12900 129 9882
8357 129 14109
13247 173 2960
11524 129 14020
10416 129 14201
10416 129 1669
10416 129 9845
10416 124 13791
10416 124 13886
10416 124 13183
10416 124 13901
2281 173 8572
7332 173 2122
9974 129 24
13352 171 12904
1844 171 13877
6623 129 13911
10416 129 13028
13249 171 14146
4471 129 10307
8529 129 5677
11557 129 1725
9808 129 10401
2960 129 10086
11538 129 13464
10416 129 2415
8542 129 8632
14011 173 9925
1254 38 7627
2487 174 14366
12936 129 3175
4349 129 14349
9808 129 3498
9808 129 355
2122 129 14152
6544 129 11627
7829 129 13857
6623 129 13910
10416 129 283
10416 124 13851
9979 129 13261
4471 129 3118
7677 129 10084
13675 129 13662
9983 129 6304
9808 129 946
7328 173 8247
7328 174 8099
8247 129 14415
11524 129 4858
10416 124 13882
5317 129 13466
12912 129 8591
2120 171 4637
9808 129 2556
2122 129 14188
10416 129 3273
10416 129 2149
10416 129 10723
10416 124 11510
10416 124 13904
10416 124 13685
10699 171 13150
13423 171 3973
8087 129 13807
9554 129 5662
11758 19 10446
9983 129 13634
9808 129 295
10416 129 3013
10416 129 12482
9979 129 13642
4471 129 11502
9925 129 13664
6565 130 7826
8146 129 2687
11303 129 2334
13286 129 3862
3798 171 11599
1352 171 3973
3157 23 2122
10416 129 8973
10416 129 14494
9530 129 13681
7677 129 6996
5474 129 13227
9155 129 5469
2061 22 10416
14352 129 14135
9808 129 3101
10416 129 14169
10416 129 3790
10416 129 14289
10416 129 2397
10416 129 14166
10416 124 13111
10416 124 13772
4471 129 4639
4471 129 236
11122 129 6505
13180 129 2038
7222 129 7903
11137 129 12474
13352 173 8357
9808 129 13296
9808 129 3655
9130 171 3973
8538 174 3973
10416 129 4195
10416 129 3384
10416 124 13670
9530 129 272
12815 129 13437
8357 129 13184
11524 129 3464
5635 129 14037
8438 129 11341
10416 129 12666
10416 129 1814
4471 129 13441
2983 171 11599
9629 130 4152
8369 129 2560
11338 129 4105
7707 174 11732
2590 129 3068
8247 129 14416
7544 129 14310
11524 129 9954
10416 129 14168
10416 129 14215
10416 124 13758
10416 124 11644
6545 129 6133
8572 129 14534
4471 129 3099
5317 129 6529
11724 129 12401
4443 129 6544
7467 129 13844
6544 129 6505
7676 129 11285
4988 173 2122
11524 129 9463
10416 129 3836
10416 124 13885
10416 124 13913
10416 124 13534
10416 124 13479
9554 129 4495
8201 171 3973
7159 129 3228
13007 129 5095
12255 129 2263
9136 171 9292
8099 129 14430
9372 23 2122
10416 129 4433
10416 129 14393
10416 129 1725
10416 129 2343
10416 129 2059
4471 129 1821
9925 129 13654
9530 129 13687
8154 171 2346
8099 129 11978
11524 129 2697
10416 129 13298
10416 129 14240
10416 124 13663
10416 124 13179
4471 129 10338
4471 129 13829
9307 129 13694
6565 129 14286
5474 129 13229
14198 125 13009
8357 129 14326
10416 129 14332
10416 124 13709
8572 129 10439
8089 129 1576
4471 129 1599
14309 129 1093
8915 129 4741
8369 129 438
7234 129 7232
12626 174 11442
2122 129 14156
6623 129 13904
10416 124 13643
8146 129 4393
9155 129 13955
7467 129 480
10416 129 14109
10416 129 8500
10416 129 9849
10416 129 2004
10416 124 13707
10416 124 13871
10416 124 13103
7435 174 3973
7222 129 9602
11500 129 1426
9155 129 3140
9629 129 10748
13940 38 12918
2122 129 14141
7676 129 14315
10416 124 13717
8679 171 13470
13662 125 13662
5474 129 3843
7783 129 12918
12011 129 7381
12811 171 3973
9808 129 6320
3794 173 6623
10823 129 5830
1725 171 11557
10416 129 5902
10416 129 4902
10416 129 19
8138 174 12909
2984 171 14297
12673 129 6682
12673 129 14075
14352 129 14132
9808 129 2644
6626 129 6742
10416 124 13181
